,Country,2010,2011,2012,2013,2014,2015,2016,2017,2018,8_years_diff,%_increase,average
14,Bangladesh,834324,6497926,8562251,0,0,0,0,0,0,-834324,0.0,1766055.0
71,Ghana,523448,609924,774557,1056032,1217888,1729979,2231745,2199021,2227530,1704082,325.55,1396680.0
200,Ukraine,927470,1080091,1122086,1232306,1255129,1274758,1291999,1470250,1450487,523017,56.39,1233841.0
136,Nigeria,1570316,2144626,2005876,1975571,2390758,0,0,0,0,-1570316,0.0,1120794.0
203,Uzbekistan,194033,295828,507361,654327,1193657,1387420,1488984,1576179,2114446,1920413,989.74,1045803.0
85,Iran,470279,426505,547735,692410,1037354,932346,1203531,1390853,1624204,1153925,245.37,925024.0
55,Egypt,642321,534375,780728,960279,847230,763701,849681,914817,1274751,632430,98.46,840875.0
59,Ethiopia,745372,662658,785318,775763,753701,845474,780829,844959,1056532,311160,41.75,805622.0
129,Nepal,356216,322758,397036,496410,613385,892961,1090880,1136622,1187350,831134,233.32,721513.0
167,Sierra Leone,326452,441250,315741,233519,284205,511120,611983,841688,1011725,685273,209.92,508631.0
102,Liberia,119229,110960,141749,142298,216249,358224,661631,674936,686869,567640,476.09,345793.0
93,Kenya,223586,260734,304083,265474,222749,193641,304693,360023,442966,219380,98.12,286438.0
31,Cameroon,189622,189752,203906,224509,224020,286564,303783,332778,427259,237637,125.32,264688.0
196,Turkey,146677,181578,176711,228009,259320,254660,245493,316226,406929,260252,177.43,246178.0
153,Russia,101324,140444,167600,218862,249670,265086,274746,332069,434353,333029,328.68,242683.0
179,Sudan,70709,84746,96210,113595,129437,252748,340392,451423,504312,433603,613.22,227063.0
1,Albania,118913,87189,115357,122567,171362,198625,246129,315842,367231,248318,208.82,193690.0
121,Moldova,35638,56808,75886,108565,162661,193288,230058,252180,440863,405225,1137.06,172883.0
2,Algeria,90704,88004,112081,128189,127872,163091,204433,252733,342857,252153,278.0,167773.0
125,Morocco,143821,97506,110573,119443,115235,139008,201964,286421,293708,149887,104.22,167519.0
206,Venezuela,38314,71665,85412,94835,116198,124533,258921,313128,360799,322485,841.69,162645.0
30,Cambodia,66339,60862,72829,119138,120435,197383,251948,282123,271603,205264,309.42,160295.0
77,Guinea,43579,48467,68856,88935,106172,163860,239506,250751,322943,279364,641.05,148118.0
7,Armenia,62051,72876,92352,97679,113681,131088,168115,226545,267067,205016,330.4,136828.0
191,Togo,42468,58971,52587,64579,80430,117748,167146,186608,268194,225726,531.52,115414.0
40,"Democratic Republic of Congo",92133,138558,208775,229650,339196,12581,0,0,0,-92133,0.0,113432.0
177,Sri Lanka,92219,84312,83772,102531,91261,107989,116673,104981,139527,47308,51.3,102585.0
46,Cuba,23205,40490,32696,46744,56967,112998,362368,128271,114560,91355,393.69,102033.0
16,Belarus,62097,65641,70881,97706,97747,100443,98767,135224,171134,109037,175.59,99960.0
70,Germany,105561,106153,102375,94476,96299,92176,88931,91898,92484,-13077,-12.39,96705.0
44,Cote d'Ivoire,31399,39488,33501,49721,67863,89234,117165,154145,243658,212259,676.01,91797.0
209,Yemen,15479,17886,21606,28039,40962,76063,136398,172742,264519,249040,1608.89,85966.0
26,Bulgaria,43212,56538,66941,97139,103878,91179,94513,88356,74316,31104,71.98,79563.0
19,Benin,17235,36008,30776,47666,36087,115779,136321,117632,121771,104536,606.53,73252.0
152,Romania,35745,47435,76594,60593,70864,72433,73227,67578,79583,43838,122.64,64894.0
69,Georgia,31953,39253,49276,53625,46451,53395,73989,99351,122109,90156,282.15,63266.0
174,South Africa,40208,50144,48570,47672,56356,52168,62062,66728,67344,27136,67.49,54583.0
41,"Congo",5415,6620,7711,9094,11477,446488,0,0,0,-5415,0.0,54089.0
63,France,36302,44222,40644,43830,52394,54488,66709,67612,70964,34662,95.48,53018.0
186,Taiwan,58916,56319,47398,41755,44163,44684,58183,55825,58872,-44,-0.07,51790.0
90,Japan,50830,48708,46554,51775,51646,50501,52149,50213,50650,-180,-0.35,50336.0
28,Burma,82313,59683,42372,44407,41748,43081,42043,50775,44752,-37561,-45.63,50130.0
0,Afghanistan,66870,19656,12456,16277,31485,27789,65951,83277,122755,55885,83.57,49612.0
57,Eritrea,36394,42316,45000,47330,35814,42467,49669,50995,63181,26787,73.6,45907.0
91,Jordan,23924,22066,22535,29103,38075,39819,72438,63327,95068,71144,297.38,45150.0
92,Kazakhstan,18194,23166,29032,38543,44144,46613,48136,60634,93406,75212,413.39,44652.0
185,Syria,15027,17957,18749,21804,33476,50659,79094,83828,80166,65139,433.48,44528.0
86,Iraq,20955,20263,18940,20681,23418,26402,47444,76294,145710,124755,595.35,44456.0
89,Italy,21734,28464,30371,35452,46633,48958,60214,60599,60905,39171,180.23,43703.0
11,Azerbaijan,16319,19741,22576,25440,27434,29321,54193,72993,124051,107732,660.16,43563.0
163,Saudi Arabia,14272,20647,26646,29128,36007,45214,58892,65913,93060,78788,552.05,43308.0
147,Poland,0,0,0,0,77563,65774,80056,73281,79002,79002,0.0,41741.0
187,Tajikistan,9542,12679,18917,24489,28762,34672,39194,70339,122178,112636,1180.42,40085.0
164,Senegal,26194,24544,16879,26426,47574,39341,46203,62201,60312,34118,130.25,38852.0
100,Lebanon,27639,32753,31594,30797,36080,34780,40602,42494,41002,13363,48.35,35304.0
199,Uganda,19957,22062,24851,27702,30022,37506,41512,46327,53967,34010,170.42,33767.0
154,Rwanda,7264,10809,20524,20413,23595,37179,49056,52111,67675,60411,831.65,32069.0
165,Serbia,16234,18298,19180,21864,33510,27385,43060,50180,53613,37379,230.25,31480.0
84,Indonesia,44739,32482,29949,27908,26255,22230,27174,27806,28072,-16667,-37.25,29623.0
97,Kyrgyzstan,9851,12387,17351,18953,23918,27427,31314,43364,72350,62499,634.44,28546.0
123,Mongolia,25427,40335,27866,19538,14780,17998,26013,37355,34788,9361,36.82,27122.0
88,Israel,19239,20223,20854,21501,23968,24115,29510,32752,37143,17904,93.06,25478.0
173,Somalia,15333,15360,14805,13788,12778,17571,28387,35399,60579,45246,295.09,23777.0
95,Kosovo,9824,10552,11898,15665,13832,18792,31875,46664,51819,41995,427.47,23435.0
54,Ecuador,0,0,0,0,0,0,0,0,198685,198685,0.0,22076.0
105,Lithuania,9030,16937,23739,20449,20900,18735,20454,29475,30666,21636,239.6,21153.0
176,Spain,8258,11893,12922,15632,24408,25099,30278,28107,27807,19549,236.73,20489.0
9,Australia,12772,15509,17163,18117,21621,20579,24888,26704,26353,13581,106.33,20411.0
27,Burkina Faso,9228,9993,12241,15633,15287,20715,24995,30673,40961,31733,343.88,19969.0
103,Libya,6248,7578,8904,8992,10683,15874,25638,39842,49868,43620,698.14,19291.0
96,Kuwait,10916,14272,15099,15351,18998,19137,23659,24024,29954,19038,174.4,19045.0
82,Hungary,11215,15363,15503,17539,20995,20176,21500,21522,21931,10716,95.55,18416.0
148,Peru,0,0,0,159943,0,0,0,0,0,0,0.0,17771.0
201,United Arab Emirates,7968,8644,10676,12044,13357,15696,19929,23330,28231,20263,254.3,15541.0
6,Argentina,9821,12025,10936,10246,12853,12154,17727,18309,19811,9990,101.72,13764.0
111,Malaysia,13056,13941,13544,13320,12880,12908,14041,14719,14619,1563,11.97,13669.0
195,Tunisia,6645,6590,7621,8352,8522,11697,23533,24446,25587,18942,285.06,13665.0
194,Trinidad and Tobago,12402,13551,15761,14502,15103,14348,12588,9151,11268,-1134,-9.14,13186.0
197,Turkmenistan,5711,6738,9212,9886,11632,11966,12959,17609,29666,23955,419.45,12819.0
80,Honduras,6007,9268,10799,9215,10598,9610,19427,14280,23912,17905,298.07,12568.0
61,Fiji,12677,12214,12884,10341,13729,10089,12967,12879,12373,-304,-2.4,12239.0
184,Switzerland,10538,12194,11590,11569,13150,12300,12928,12366,11646,1108,10.51,12031.0
29,Burundi,3516,3774,4280,6356,7731,10375,21886,20966,27108,23592,670.99,11776.0
183,Sweden,8018,10346,10980,11724,13129,12385,13244,13118,12197,4179,52.12,11682.0
211,Zimbabwe,6935,8956,8638,10100,10174,10427,13165,16006,19408,12473,179.86,11534.0
188,Tanzania,9463,10385,10075,12011,10870,10918,11924,13085,14176,4713,49.8,11434.0
87,Ireland,10232,10518,11666,11470,12282,11278,11335,10105,9794,-438,-4.28,10964.0
189,Thailand,10411,10412,9025,8187,8697,8152,13595,13733,12961,2550,24.49,10574.0
130,Netherlands,8125,9453,9889,9962,11155,10331,11575,11538,11167,3042,37.44,10355.0
135,Niger,2658,5864,3459,3549,6485,22835,16227,13082,16648,13990,526.34,10089.0
113,Mali,6219,5611,5891,6276,8076,9974,11051,13183,16972,10753,172.91,9250.0
72,Greece,3102,3801,4827,8103,11035,10990,11131,12401,13288,10186,328.37,8742.0
22,Bosnia and Herzegovina,3637,4478,5946,6094,10356,12044,10450,12348,11538,7901,217.24,8543.0
10,Austria,7991,8164,8139,8258,8832,7990,8658,9069,8905,914,11.44,8445.0
4,Angola,1817,2330,3055,3578,5884,9198,11546,14859,22819,21002,1155.86,8342.0
17,Belgium,5371,7018,7378,7227,8237,8368,9560,9622,9674,4303,80.12,8050.0
99,Latvia,4457,9434,9596,8755,8603,7424,7304,7540,8723,4266,95.71,7981.0
21,Bolivia,7543,7759,9167,8442,6519,5668,7901,7498,8662,1119,14.83,7684.0
170,Slovakia,5866,6710,6442,7443,8200,7753,9088,8852,8688,2822,48.11,7671.0
49,Czech Republic,5778,6749,6983,7027,8141,7811,8842,8920,8714,2936,50.81,7662.0
76,Guatemala,0,0,0,0,13651,6998,9619,10242,18395,18395,0.0,6545.0
134,Nicaragua,4392,8777,5751,6244,4827,3494,10132,5043,7189,2797,63.68,6205.0
133,New Zealand,5025,5924,5707,5403,6549,6022,6770,6879,6581,1556,30.97,6095.0
43,Costa Rica,4364,4928,4718,4365,6356,5707,8381,6971,8872,4508,103.3,6073.0
45,Croatia,3744,5307,5523,5656,7925,6379,6930,6429,6267,2523,67.39,6017.0
81,"Hong Kong Special Administrative
Region",7398,7500,6994,7336,10412,13917,0,0,0,-7398,0.0,5950.0
51,Djibouti,1666,2012,2971,4423,4429,4905,8463,10496,14131,12465,748.2,5944.0
168,Singapore,5225,5793,5503,5430,5682,5951,6385,5999,6153,928,17.76,5791.0
62,Finland,3884,5181,5154,5961,6384,6105,6795,6474,6072,2188,56.33,5778.0
35,Chile,3178,4460,4164,3420,3559,3420,5398,7704,15752,12574,395.66,5672.0
210,Zambia,4625,5077,5418,5673,5267,5071,5361,5465,7393,2768,59.85,5483.0
149,Portugal,3066,3787,3856,4215,7535,5267,5940,6055,6147,3081,100.49,5096.0
50,Denmark,3545,4217,4527,5070,5389,5055,5205,4840,4798,1253,35.35,4738.0
150,Qatar,1998,2840,3128,3135,3799,4205,5776,7381,8728,6730,336.84,4554.0
34,Chad,2020,2312,2174,3010,2983,7560,4877,5761,9280,7260,359.41,4441.0
108,"Macedonia,5",12245,13910,12432,0,0,0,0,0,0,-12245,0.0,4287.0
68,Gambia,6124,4850,8859,6224,4620,6125,0,0,0,-6124,0.0,4089.0
58,Estonia,2701,3577,4088,4140,4680,3991,4167,4118,4417,1716,63.53,3986.0
141,Norway,2695,3711,3934,4012,4468,3856,4218,4337,3785,1090,40.45,3890.0
67,Gabon,1791,1964,2421,2594,2739,3645,4612,5689,7150,5359,299.22,3622.0
109,Madagascar,1860,2883,1962,2599,2332,4606,5995,5558,4790,2930,157.53,3620.0
12,Bahamas,2624,3793,3717,3356,3657,3585,4263,3581,3541,917,34.95,3568.0
79,Guyana,3198,3244,3199,3770,3576,3269,3303,2866,3400,202,6.32,3313.0
118,Mauritius,2652,3192,2833,3747,3370,3000,3758,3999,2761,109,4.11,3256.0
117,Mauritania,1396,1455,1757,2139,2025,2510,2890,5111,7264,5868,420.34,2949.0
13,Bahrain,2146,2883,3774,1804,2083,1996,2506,2664,3012,866,40.35,2540.0
140,Northern Ireland,2371,2603,2560,2529,2560,2448,2463,2303,2077,-294,-12.4,2434.0
83,Iceland,1661,2425,2467,2733,3370,2214,2576,2258,1904,243,14.63,2400.0
202,Uruguay,1674,2106,1877,1754,1931,1983,2935,3663,3059,1385,82.74,2331.0
144,Panama,2061,2772,2423,2039,2006,1721,2183,2188,2712,651,31.59,2233.0
110,Malawi,1649,1684,1731,2089,2346,1982,2015,2201,2660,1011,61.31,2039.0
20,Bhutan,752,764,890,953,1102,2418,3112,4223,4021,3269,434.71,2026.0
124,Montenegro,899,881,970,1007,1476,1623,2128,3192,3834,2935,326.47,1778.0
15,Barbados,1750,2804,3967,1101,1174,981,1084,1077,991,-759,-43.37,1658.0
33,Central African Republic,837,1006,976,995,2365,1846,2091,1858,2616,1779,212.54,1621.0
193,Tonga,1692,1802,1470,1626,1344,1449,1702,1489,1685,-7,-0.41,1584.0
52,Dominica,1367,1697,1648,1602,1732,1454,1544,1443,1317,-50,-3.66,1533.0
48,Cyprus,946,1224,1232,1341,1703,1685,1997,1782,1806,860,90.91,1524.0
171,Slovenia,859,1168,1231,1291,1703,1735,1792,1753,1661,802,93.36,1465.0
175,South Sudan,0,0,0,783,927,1264,2694,3173,4232,4232,0.0,1452.0
32,Cape Verde,482,1826,699,1841,1392,828,1323,1390,2089,1607,333.4,1318.0
142,Oman,590,757,868,848,1135,1146,1465,1791,2149,1559,264.24,1194.0
74,Grenada,1013,1086,1207,1770,1334,1106,1007,1016,868,-145,-14.31,1156.0
146,Paraguay,1042,1391,1223,1115,1038,793,1142,1049,1333,291,27.93,1125.0
157,Saint Lucia,1182,1752,1667,1843,1839,1636,0,0,0,-1182,0.0,1102.0
18,Belize,935,1103,1059,1233,1665,931,1175,737,930,-5,-0.53,1085.0
127,Namibia,837,1024,985,965,1033,1238,1069,1075,1036,199,23.78,1029.0
180,Suriname,764,891,905,976,1047,884,936,1073,1323,559,73.17,977.0
23,Botswana,824,1046,856,869,848,788,979,959,1195,371,45.02,929.0
126,Mozambique,616,608,622,754,884,696,856,930,895,279,45.29,762.0
8,Aruba,1399,604,717,629,665,556,603,596,611,-788,-56.33,708.0
5,Antigua and Barbuda,826,695,714,728,755,648,637,641,525,-301,-36.44,685.0
78,Guinea-Bissau,331,371,387,566,397,505,1323,799,1355,1024,309.37,670.0
56,Equatorial Guinea,480,565,605,574,608,577,728,852,1013,533,111.04,666.0
65,French Polynesia,346,544,588,611,704,579,665,587,556,210,60.69,575.0
98,Laos,681,674,488,557,542,435,605,601,558,-123,-18.06,571.0
39,Comoros,400,443,295,502,570,601,777,620,668,268,67.0,541.0
159,Saint Vincent and the Grenadines,662,834,840,885,871,763,0,0,0,-662,0.0,539.0
107,"Macau Special Administrative
Region",605,607,837,623,906,1258,0,0,0,-605,0.0,537.0
114,Malta,469,561,577,508,614,511,560,500,447,-22,-4.69,527.0
106,Luxembourg,380,470,465,503,584,545,583,533,506,126,33.16,507.0
47,Curacao,0,0,0,641,731,546,613,540,571,571,0.0,404.0
160,Samoa,421,518,468,460,407,317,421,214,308,-113,-26.84,392.0
156,Saint Kitts and Nevis,468,634,579,614,673,568,0,0,0,-468,0.0,392.0
101,Lesotho,262,257,234,232,239,352,659,432,507,245,93.51,352.0
182,Swaziland,238,269,286,355,370,326,434,379,461,223,93.7,346.0
112,Maldives,208,300,332,373,366,335,417,303,403,195,93.75,337.0
131,Netherlands Antilles,770,998,1014,0,0,0,0,0,0,-770,0.0,309.0
145,Papua New Guinea,163,201,269,285,346,467,347,332,355,192,117.79,307.0
25,Brunei,308,319,292,270,245,193,274,251,278,-30,-9.74,270.0
166,Seychelles,239,268,246,218,252,279,336,238,289,50,20.92,262.0
137,Niue,289,693,322,285,297,49,19,22,48,-241,-83.39,224.0
75,Guadeloupe,428,685,623,0,0,0,0,0,0,-428,0.0,192.0
139,North Korea,373,382,348,293,300,0,0,0,0,-373,0.0,188.0
132,New Caledonia,99,138,195,202,196,178,219,208,222,123,124.24,184.0
3,Andorra,331,105,168,147,144,134,186,166,175,-156,-47.13,172.0
204,Vanuatu,264,111,124,133,172,79,127,131,201,-63,-23.86,149.0
94,Kiribati,136,127,175,121,140,148,127,156,199,63,46.32,147.0
128,Nauru,79,64,63,135,113,205,236,176,169,90,113.92,137.0
116,Martinique,310,459,394,0,0,0,0,0,0,-310,0.0,129.0
169,Sint Maarten,0,0,0,168,204,176,211,187,210,210,0.0,128.0
122,Monaco,112,100,98,85,116,110,129,156,174,62,55.36,120.0
42,Cook Islands,20,20,30,32,67,149,164,190,274,254,1270.0,105.0
162,Sao Tome and Principe,57,64,48,52,71,71,290,80,87,30,52.63,91.0
190,Timor-Leste,44,74,82,66,72,75,85,86,179,135,306.82,84.0
172,Solomon Islands,43,72,102,55,53,92,83,69,134,91,211.63,78.0
104,Liechtenstein,45,58,82,77,78,83,81,102,66,21,46.67,74.0
60,Faroe Islands,0,0,0,105,139,111,104,105,96,96,0.0,73.0
158,Saint Martin,0,0,0,74,38,109,166,143,125,125,0.0,72.0
73,Greenland,80,76,71,48,68,54,53,59,92,12,15.0,66.0
151,Reunion,177,184,181,0,0,0,0,0,0,-177,0.0,60.0
205,Vatican City,123,34,51,37,46,54,44,54,84,-39,-31.71,58.0
64,French Guiana,132,185,149,0,0,0,0,0,0,-132,0.0,51.0
208,Western Sahara,28,35,33,0,56,42,67,82,85,57,203.57,47.0
115,Marshall Islands,11,285,33,54,18,22,0,0,0,-11,0.0,47.0
143,Palau,72,65,66,33,40,48,0,0,0,-72,0.0,36.0
198,Tuvalu,25,25,23,31,41,35,66,17,26,1,4.0,32.0
161,San Marino,26,12,14,18,21,26,36,38,66,40,153.85,28.0
120,"Micronesia, Federated States of",31,31,40,43,43,47,0,0,0,-31,0.0,26.0
207,Wallis and Futuna,29,41,20,28,22,9,26,30,27,-2,-6.9,25.0
66,"French Southern and Antarctic
Lands",31,22,29,37,52,45,0,0,0,-31,0.0,24.0
178,St. Pierre and Miquelon,28,26,25,34,29,9,17,22,26,-2,-7.14,24.0
138,Norfolk Island,0,0,0,0,78,49,34,39,18,18,0.0,24.0
181,Svalbard,0,0,0,20,13,18,29,43,64,64,0.0,20.0
192,Tokelau,0,0,0,29,18,10,31,42,37,37,0.0,18.0
155,Saint Barthelemy,0,0,0,58,82,18,0,0,0,0,0.0,17.0
37,Christmas Island,18,5,13,6,19,17,12,16,15,-3,-16.67,13.0
119,Mayotte,0,0,0,16,36,23,18,0,0,0,0.0,10.0
38,Cocos Islands,5,8,10,35,25,11,0,0,0,-5,0.0,10.0
53,East Timor,0,0,0,0,0,0,0,0,0,0,0.0,0.0
24,Brazil,0,0,0,0,0,0,0,0,0,0,0.0,0.0
36,China-Taiwan,0,0,0,0,0,0,0,0,0,0,0.0,0.0
212,Grand Total,9769457,16511508,19672268,12577355,14633971,14418063,17573364,19344586,23088613,13319156,136.33,
